-130363.541878 -130363.541878 1.360855 
-129190.343890 -129190.343890 1.377174 
-131236.132748 -131236.132748 1.342052 
-137376.322350 -137376.322350 1.317613 
-139219.305962 -139219.305962 1.287739 
-130296.845851 -130296.845851 1.359347 
-132394.869293 -132394.869293 1.397646 
-123915.775384 -123915.775384 1.420675 
-136866.653862 -136866.653862 1.340057 
-141300.464445 -141300.464445 1.326871 
-135832.031907 -135832.031907 1.366177 
-135500.243385 -135500.243385 1.338077 
-135053.399811 -135053.399811 1.402711 
-139990.976113 -139990.976113 1.332512 
-140658.290646 -140658.290646 1.313407 
-142604.865674 -142604.865674 1.305001 
-130766.080702 -130766.080702 1.354063 
-143057.729700 -143057.729700 1.362353 
-141875.966394 -141875.966394 1.327878 
-142537.227576 -142537.227576 1.357998 
-140713.145697 -140713.145697 1.362046 
-135181.843308 -135181.843308 1.335266 
-130535.650259 -130535.650259 1.410397 
-128968.555690 -128968.555690 1.380235 
-130461.453247 -130461.453247 1.372921 
-131056.237441 -131056.237441 1.342736 
-137646.640137 -137646.640137 1.309058 
-135482.862097 -135482.862097 1.350008 
-136726.505085 -136726.505085 1.332088 
-132979.217443 -132979.217443 1.396386 
-139047.738433 -139047.738433 1.358689 
-128253.559162 -128253.559162 1.411972 
-129967.278150 -129967.278150 1.392305 
-130804.914457 -130804.914457 1.362519 
-132120.182838 -132120.182838 1.393971 
-126435.258044 -126435.258044 1.389547 
-136020.233917 -136020.233917 1.315176 
-129795.014769 -129795.014769 1.366500 
-139604.573368 -139604.573368 1.338503 
-133510.873659 -133510.873659 1.343812 
-131409.267602 -131409.267602 1.395987 
-130898.672241 -130898.672241 1.404212 
-136854.178111 -136854.178111 1.375204 
-126908.525752 -126908.525752 1.408103 
-139776.747889 -139776.747889 1.388636 
-131798.329720 -131798.329720 1.387125 
-137057.143119 -137057.143119 1.327448 
-137879.481154 -137879.481154 1.312306 
-132467.766009 -132467.766009 1.350268 
-128831.757417 -128831.757417 1.377130 
-137260.418809 -137260.418809 1.391511 
-138048.624845 -138048.624845 1.347362 
-138006.174967 -138006.174967 1.323933 
-139615.425413 -139615.425413 1.362906 
-130572.111455 -130572.111455 1.369818 
-130459.309669 -130459.309669 1.363070 
-132330.245559 -132330.245559 1.320752 
-136368.706446 -136368.706446 1.358518 
-141178.602432 -141178.602432 1.310236 
-131703.361850 -131703.361850 1.362822 
-136888.608189 -136888.608189 1.322690 
-133723.624283 -133723.624283 1.361891 
-141202.090876 -141202.090876 1.306652 
-130529.194655 -130529.194655 1.344546 
-133294.831652 -133294.831652 1.349459 
-141715.109829 -141715.109829 1.361355 
-135978.595203 -135978.595203 1.322824 
-139924.694066 -139924.694066 1.348917 
-132706.841505 -132706.841505 1.355459 
-135040.665595 -135040.665595 1.363813 
-138747.678256 -138747.678256 1.292698 
-128403.411274 -128403.411274 1.383486 
-138229.392535 -138229.392535 1.303346 
-136217.670586 -136217.670586 1.410345 
-129349.886633 -129349.886633 1.380149 
-131411.709341 -131411.709341 1.381852 
-126313.993607 -126313.993607 1.430386 
-140644.109809 -140644.109809 1.380724 
-144387.485347 -144387.485347 1.338040 
-134801.268509 -134801.268509 1.349250 
-137080.123581 -137080.123581 1.321074 
-132350.470268 -132350.470268 1.408325 
-137039.843237 -137039.843237 1.278052 
-131038.983325 -131038.983325 1.376334 
-136172.170826 -136172.170826 1.359616 
-140169.776086 -140169.776086 1.273597 
-128037.305195 -128037.305195 1.391167 
-136328.402071 -136328.402071 1.355228 
-131889.695621 -131889.695621 1.344277 
-147349.852539 -147349.852539 1.323273 
-133363.843689 -133363.843689 1.329141 
-137301.994165 -137301.994165 1.328106 
-130234.324153 -130234.324153 1.350482 
-131698.839961 -131698.839961 1.341182 
-142936.462798 -142936.462798 1.301371 
-143884.413712 -143884.413712 1.317165 
-141965.274823 -141965.274823 1.371916 
-135369.281261 -135369.281261 1.366891 
-137573.310162 -137573.310162 1.354043 
-140753.306652 -140753.306652 1.306099 
-139025.799033 -139025.799033 1.340399 
-137698.021085 -137698.021085 1.391943 
-130034.598944 -130034.598944 1.381038 
-135957.644648 -135957.644648 1.346000 
-131962.958846 -131962.958846 1.395329 
-130915.980192 -130915.980192 1.371152 
-145771.006316 -145771.006316 1.328837 
-131747.188350 -131747.188350 1.329810 
-132638.230359 -132638.230359 1.383766 
-132121.042781 -132121.042781 1.403790 
-133946.538735 -133946.538735 1.368075 
-134355.420318 -134355.420318 1.352640 
-136117.039350 -136117.039350 1.327056 
-130368.422249 -130368.422249 1.399175 
-137854.348887 -137854.348887 1.319439 
-135314.004513 -135314.004513 1.345747 
-136254.131076 -136254.131076 1.379872 
-136553.503691 -136553.503691 1.333399 
-134903.638857 -134903.638857 1.408810 
-137558.574153 -137558.574153 1.400848 
-141032.806959 -141032.806959 1.344295 
-136916.275757 -136916.275757 1.368437 
-142755.192220 -142755.192220 1.319050 
-128923.832652 -128923.832652 1.373929 
-148211.399607 -148211.399607 1.297461 
-142562.347917 -142562.347917 1.296769 
-140493.185737 -140493.185737 1.321246 
-129778.969649 -129778.969649 1.438323 
-124197.818936 -124197.818936 1.408225 
-139902.242589 -139902.242589 1.329937 
-134503.323563 -134503.323563 1.376665 
-142432.173043 -142432.173043 1.267514 
-135549.225510 -135549.225510 1.315506 
-143262.403713 -143262.403713 1.323757 
-143472.105255 -143472.105255 1.315410 
-135702.646791 -135702.646791 1.346203 
-136237.780261 -136237.780261 1.353782 
-139088.990569 -139088.990569 1.277707 
-140333.267243 -140333.267243 1.310712 
-133232.401014 -133232.401014 1.346328 
-126384.525169 -126384.525169 1.389381 
-137896.434159 -137896.434159 1.283239 
-143822.978009 -143822.978009 1.317127 
-132349.458563 -132349.458563 1.398514 
-144019.265739 -144019.265739 1.332831 
-130688.165210 -130688.165210 1.377794 
-145830.724397 -145830.724397 1.286239 
-141901.781189 -141901.781189 1.334508 
-141874.072748 -141874.072748 1.283785 
-132336.565503 -132336.565503 1.357083 
-137190.419332 -137190.419332 1.372332 
-134981.163327 -134981.163327 1.366801 
-137384.839346 -137384.839346 1.362712 
-135649.732805 -135649.732805 1.368144 
-142706.333150 -142706.333150 1.316730 
-137324.104569 -137324.104569 1.349210 
-135364.656032 -135364.656032 1.339189 
-128614.025375 -128614.025375 1.381111 
-135322.394076 -135322.394076 1.340856 
-127597.798021 -127597.798021 1.371000 
-134861.618024 -134861.618024 1.353777 
-127011.646385 -127011.646385 1.385613 
-133215.498609 -133215.498609 1.399732 
-127677.269818 -127677.269818 1.405361 
-144059.753520 -144059.753520 1.317852 
-137454.983201 -137454.983201 1.343292 
-143874.639657 -143874.639657 1.309521 
-138737.490653 -138737.490653 1.389309 
-143475.478792 -143475.478792 1.335037 
-143873.041025 -143873.041025 1.337353 
-140752.868754 -140752.868754 1.321283 
-135147.375809 -135147.375809 1.317847 
-140478.347336 -140478.347336 1.342327 
-125069.605748 -125069.605748 1.429791 
-137152.640353 -137152.640353 1.295781 
-129209.411531 -129209.411531 1.443159 
-139061.813473 -139061.813473 1.327352 
-137765.049749 -137765.049749 1.336826 
-140924.636537 -140924.636537 1.311518 
-136986.258893 -136986.258893 1.379547 
-136786.704768 -136786.704768 1.326266 
-138927.351715 -138927.351715 1.283779 
-131979.568063 -131979.568063 1.360712 
-139809.471492 -139809.471492 1.328991 
-134498.497179 -134498.497179 1.304231 
-137642.419341 -137642.419341 1.379840 
-133273.641251 -133273.641251 1.368633 
-136667.582288 -136667.582288 1.334821 
-135713.428988 -135713.428988 1.325682 
-134012.425178 -134012.425178 1.343273 
-134153.410493 -134153.410493 1.369033 
-135301.024920 -135301.024920 1.397059 
-140275.539182 -140275.539182 1.306358 
-129920.961598 -129920.961598 1.405437 
-137536.755300 -137536.755300 1.322198 
-139645.436437 -139645.436437 1.357140 
-133199.047540 -133199.047540 1.366994 
-136403.024691 -136403.024691 1.388224 
-143298.942279 -143298.942279 1.318625 
-132806.678973 -132806.678973 1.350833 
-132409.871438 -132409.871438 1.360308 
-134590.144067 -134590.144067 1.383300 
-139317.175369 -139317.175369 1.329446 
-130576.397258 -130576.397258 1.359860 
-130895.796944 -130895.796944 1.423931 
-148496.153224 -148496.153224 1.269178 
-137327.265114 -137327.265114 1.346576 
-128110.754631 -128110.754631 1.382938 
-134538.699186 -134538.699186 1.319163 
-132769.483166 -132769.483166 1.362464 
-143784.932388 -143784.932388 1.307490 
-142681.258316 -142681.258316 1.299097 
-133422.774622 -133422.774622 1.370075 
-145100.646429 -145100.646429 1.277571 
-131523.099711 -131523.099711 1.395452 
-138844.951922 -138844.951922 1.300807 
-140140.952409 -140140.952409 1.396060 
-131295.990752 -131295.990752 1.403123 
-138249.186067 -138249.186067 1.375115 
-138844.085743 -138844.085743 1.305679 
-137329.344031 -137329.344031 1.328879 
-137331.521886 -137331.521886 1.325913 
-144139.347379 -144139.347379 1.289493 
-134805.857320 -134805.857320 1.370264 
-136484.666664 -136484.666664 1.301985 
-134316.830103 -134316.830103 1.387726 
-128075.644100 -128075.644100 1.411485 
-140183.303926 -140183.303926 1.335319 
-137273.296843 -137273.296843 1.334383 
-134425.114072 -134425.114072 1.361467 
-134100.929679 -134100.929679 1.353347 
-135165.482778 -135165.482778 1.342718 
-135798.764247 -135798.764247 1.336264 
-143547.252489 -143547.252489 1.347323 
-120929.959233 -120929.959233 1.377585 
-135637.328279 -135637.328279 1.346490 
-135829.269503 -135829.269503 1.340798 
-133367.314986 -133367.314986 1.355038 
-140499.029044 -140499.029044 1.331389 
-135603.989505 -135603.989505 1.353764 
-139904.878464 -139904.878464 1.330314 
-139164.405703 -139164.405703 1.353044 
-129121.419353 -129121.419353 1.342571 
-142432.093178 -142432.093178 1.337576 
-133270.320425 -133270.320425 1.365334 
-136146.733388 -136146.733388 1.369022 
-137878.829052 -137878.829052 1.294743 
-138988.508126 -138988.508126 1.311732 
-138431.693518 -138431.693518 1.287029 
-132516.451495 -132516.451495 1.335607 
-133415.608614 -133415.608614 1.382889 
-142181.421246 -142181.421246 1.337578 
-145283.692621 -145283.692621 1.341633 
-134977.223186 -134977.223186 1.345337 
-130155.458110 -130155.458110 1.416734 
-133923.563842 -133923.563842 1.356882 
-143586.557424 -143586.557424 1.322866 
-143828.016144 -143828.016144 1.305852 
-133983.026658 -133983.026658 1.342516 
-130044.801505 -130044.801505 1.417651 
-126312.854549 -126312.854549 1.423474 
-140380.350875 -140380.350875 1.318265 
-137126.248745 -137126.248745 1.359237 
-140866.867071 -140866.867071 1.340854 
-127263.661724 -127263.661724 1.365963 
-135167.072964 -135167.072964 1.357999 
-133699.311131 -133699.311131 1.315615 
-135266.411466 -135266.411466 1.356588 
-134002.682223 -134002.682223 1.343944 
-139360.024578 -139360.024578 1.334272 
-131866.116035 -131866.116035 1.362982 
-148276.773608 -148276.773608 1.297555 
-137886.903102 -137886.903102 1.341913 
-131293.106636 -131293.106636 1.388233 
-128360.621817 -128360.621817 1.406479 
-144608.461536 -144608.461536 1.372391 
-145061.244804 -145061.244804 1.278097 
-135787.222188 -135787.222188 1.380924 
-139431.953177 -139431.953177 1.370442 
-141800.330468 -141800.330468 1.315299 
-136369.097792 -136369.097792 1.349669 
-142781.378020 -142781.378020 1.374688 
-134439.465083 -134439.465083 1.363062 
-134962.417258 -134962.417258 1.362505 
-129399.859386 -129399.859386 1.422896 
-136920.804003 -136920.804003 1.327822 
-135314.704407 -135314.704407 1.430305 
-135820.381034 -135820.381034 1.353706 
-133391.753083 -133391.753083 1.336266 
-129991.129730 -129991.129730 1.404554 
-135702.791348 -135702.791348 1.345942 
-129660.365951 -129660.365951 1.350679 
-136761.605873 -136761.605873 1.353837 
-137101.830992 -137101.830992 1.361955 
-132723.124730 -132723.124730 1.395397 
-131741.423260 -131741.423260 1.346263 
-136169.052343 -136169.052343 1.363775 
-132494.066027 -132494.066027 1.349545 
-138342.081513 -138342.081513 1.355343 
-127582.209071 -127582.209071 1.356019 
-138737.423056 -138737.423056 1.386010 
-130235.613830 -130235.613830 1.429468 
-135944.402041 -135944.402041 1.358593 
-137446.498497 -137446.498497 1.330909 
-142402.531728 -142402.531728 1.395807 
-137490.200025 -137490.200025 1.336294 
-139558.777714 -139558.777714 1.309052 
-135664.246122 -135664.246122 1.343980 
-131707.880304 -131707.880304 1.406632 
-131532.134639 -131532.134639 1.409289 
-134159.559358 -134159.559358 1.329478 
-131010.856196 -131010.856196 1.386283 
-135122.193302 -135122.193302 1.433939 
-144373.233184 -144373.233184 1.319843 
-130331.412524 -130331.412524 1.373355 
-137084.645952 -137084.645952 1.367981 
-135143.857920 -135143.857920 1.350999 
-135087.729644 -135087.729644 1.322739 
-133526.031567 -133526.031567 1.375400 
-137738.605259 -137738.605259 1.331569 
-141757.608012 -141757.608012 1.231414 
-141648.240451 -141648.240451 1.270266 
-135643.626002 -135643.626002 1.341090 
-123092.229638 -123092.229638 1.396027 
-142259.880045 -142259.880045 1.325585 
-139964.959595 -139964.959595 1.362536 
-135806.245164 -135806.245164 1.337013 
-147016.423443 -147016.423443 1.332610 
-127207.141037 -127207.141037 1.404515 
-137312.662092 -137312.662092 1.344224 
-138062.138832 -138062.138832 1.365538 
-130106.012518 -130106.012518 1.403262 
-134675.653000 -134675.653000 1.343651 
-138301.882063 -138301.882063 1.364428 
-132626.464771 -132626.464771 1.370238 
-130905.520866 -130905.520866 1.388384 
-138484.341834 -138484.341834 1.301266 
-145956.957875 -145956.957875 1.341559 
-134131.584949 -134131.584949 1.351383 
-142237.949409 -142237.949409 1.343014 
-141199.676755 -141199.676755 1.304320 
-146918.864525 -146918.864525 1.315907 
-138045.676975 -138045.676975 1.339019 
-134319.829883 -134319.829883 1.394911 
-133210.256170 -133210.256170 1.416818 
-131036.458588 -131036.458588 1.381468 
-134404.082727 -134404.082727 1.364607 
-130220.963176 -130220.963176 1.323744 
-132862.289593 -132862.289593 1.356580 
-135380.872512 -135380.872512 1.340702 
-130115.801520 -130115.801520 1.374596 
-137907.720855 -137907.720855 1.387862 
-138222.934258 -138222.934258 1.270723 
-145188.778565 -145188.778565 1.296622 
-131114.419830 -131114.419830 1.400074 
-133156.331223 -133156.331223 1.419748 
-143161.262707 -143161.262707 1.304526 
-139720.201235 -139720.201235 1.353977 
-140899.901452 -140899.901452 1.365870 
-136227.272423 -136227.272423 1.359205 
-137604.483366 -137604.483366 1.335441 
-133538.754825 -133538.754825 1.360411 
-143418.597329 -143418.597329 1.349864 
-133921.020234 -133921.020234 1.359805 
-136731.172305 -136731.172305 1.387183 
-130805.266797 -130805.266797 1.363822 
-140194.159797 -140194.159797 1.327672 
-140511.769330 -140511.769330 1.324308 
-137663.119122 -137663.119122 1.349146 
-134156.481688 -134156.481688 1.323473 
-127603.828538 -127603.828538 1.389945 
-138697.334940 -138697.334940 1.350193 
-139611.753599 -139611.753599 1.386233 
-127521.804177 -127521.804177 1.410667 
-138967.411019 -138967.411019 1.315434 
-131863.937416 -131863.937416 1.360670 
-133661.430684 -133661.430684 1.395205 
-126671.225293 -126671.225293 1.458629 
-134166.630906 -134166.630906 1.319805 
-135850.914993 -135850.914993 1.394217 
-132558.500756 -132558.500756 1.365557 
-131723.329614 -131723.329614 1.393473 
-129935.839915 -129935.839915 1.354600 
-132060.376374 -132060.376374 1.372970 
-146945.255615 -146945.255615 1.286049 
-138405.325885 -138405.325885 1.306987 
-133888.741142 -133888.741142 1.338328 
-137733.503831 -137733.503831 1.359145 
-140300.974794 -140300.974794 1.323779 
-132317.066656 -132317.066656 1.359015 
-143994.640908 -143994.640908 1.314744 
-139513.613495 -139513.613495 1.289732 
-140770.560534 -140770.560534 1.326574 
-134920.460802 -134920.460802 1.357553 
-134064.388572 -134064.388572 1.371547 
-139376.436839 -139376.436839 1.303679 
-131923.385352 -131923.385352 1.350137 
-137477.013085 -137477.013085 1.344774 
-140681.008046 -140681.008046 1.326505 
-140212.145925 -140212.145925 1.302950 
-139950.931086 -139950.931086 1.382069 
-139426.895097 -139426.895097 1.350186 
-136664.809485 -136664.809485 1.369574 
-137578.559702 -137578.559702 1.374042 
-128664.908395 -128664.908395 1.385420 
-134079.825969 -134079.825969 1.343734 
-144890.242808 -144890.242808 1.336532 
-139094.752536 -139094.752536 1.345668 
-135807.881046 -135807.881046 1.350663 
-142297.154057 -142297.154057 1.309580 
-141513.942523 -141513.942523 1.323217 
-138761.538413 -138761.538413 1.332499 
-131583.310756 -131583.310756 1.343023 
-133095.439234 -133095.439234 1.377898 
-137820.071569 -137820.071569 1.334593 
-142258.349029 -142258.349029 1.339481 
-133418.008961 -133418.008961 1.360964 
-144170.256427 -144170.256427 1.331598 
-129252.277086 -129252.277086 1.376723 
-137744.171786 -137744.171786 1.312088 
-141525.612637 -141525.612637 1.315735 
-137889.867318 -137889.867318 1.348789 
-128037.209997 -128037.209997 1.371713 
-131168.277453 -131168.277453 1.339243 
-145559.449740 -145559.449740 1.274484 
-141405.180476 -141405.180476 1.262642 
-144145.461375 -144145.461375 1.320204 
-132963.972267 -132963.972267 1.393094 
-136906.500658 -136906.500658 1.376765 
-128193.304001 -128193.304001 1.392926 
-125749.460907 -125749.460907 1.420539 
-132526.248983 -132526.248983 1.374377 
-137129.594783 -137129.594783 1.337258 
-144499.207263 -144499.207263 1.329706 
-135255.910271 -135255.910271 1.376091 
-128947.028733 -128947.028733 1.379127 
-136220.165538 -136220.165538 1.319335 
-142247.733378 -142247.733378 1.360499 
-134470.735931 -134470.735931 1.388313 
-137011.356954 -137011.356954 1.378050 
-138340.576469 -138340.576469 1.328040 
-138377.889620 -138377.889620 1.338938 
-146737.057942 -146737.057942 1.268398 
-135550.374804 -135550.374804 1.329106 
-136701.684120 -136701.684120 1.309115 
-134833.420832 -134833.420832 1.321511 
-141971.568567 -141971.568567 1.329867 
-134322.006794 -134322.006794 1.361289 
-134074.336414 -134074.336414 1.351422 
-135723.815690 -135723.815690 1.353562 
-129394.557649 -129394.557649 1.365184 
-128601.835034 -128601.835034 1.416833 
-144474.790857 -144474.790857 1.261148 
-135974.512748 -135974.512748 1.347349 
-139836.307029 -139836.307029 1.297419 
-133845.224366 -133845.224366 1.336539 
-128716.762195 -128716.762195 1.415124 
-136698.981917 -136698.981917 1.351430 
-138958.765043 -138958.765043 1.288535 
-141407.184885 -141407.184885 1.297034 
-121310.418993 -121310.418993 1.467425 
-135671.199062 -135671.199062 1.360230 
-138973.435474 -138973.435474 1.401249 
-135959.908446 -135959.908446 1.353716 
-135988.388877 -135988.388877 1.369274 
-140584.445788 -140584.445788 1.328346 
-134436.815554 -134436.815554 1.401114 
-144085.602302 -144085.602302 1.326139 
-138238.390107 -138238.390107 1.368437 
-143825.272425 -143825.272425 1.289330 
-123922.737342 -123922.737342 1.413147 
-131858.758510 -131858.758510 1.367368 
-128404.277971 -128404.277971 1.356355 
-136903.501351 -136903.501351 1.290044 
-137480.094983 -137480.094983 1.364025 
-146701.619300 -146701.619300 1.318939 
-137705.945193 -137705.945193 1.385281 
-137345.666543 -137345.666543 1.353917 
-141525.839388 -141525.839388 1.349177 
-130479.065948 -130479.065948 1.367707 
-140177.044270 -140177.044270 1.352376 
-138260.741192 -138260.741192 1.308745 
-131414.249392 -131414.249392 1.377175 
-133411.861757 -133411.861757 1.319497 
-133823.512656 -133823.512656 1.324073 
-136261.630600 -136261.630600 1.322993 
-137825.918501 -137825.918501 1.350750 
-141152.146052 -141152.146052 1.344167 
-131598.584584 -131598.584584 1.393838 
-131357.147902 -131357.147902 1.400789 
-137750.992771 -137750.992771 1.339155 
-141389.200107 -141389.200107 1.343012 
-132961.056417 -132961.056417 1.349527 
-142363.265466 -142363.265466 1.325913 
-127322.067476 -127322.067476 1.373591 
-139600.598127 -139600.598127 1.330307 
-140504.081248 -140504.081248 1.316652 
-141344.891898 -141344.891898 1.351680 
-129107.495128 -129107.495128 1.378410 
-128906.664318 -128906.664318 1.440659 
-140102.589620 -140102.589620 1.322323 
-136368.812878 -136368.812878 1.319148 
-128958.475196 -128958.475196 1.376150 
-143609.449439 -143609.449439 1.374751 
-122787.231433 -122787.231433 1.385342 
-135462.577632 -135462.577632 1.352658 
-141487.762841 -141487.762841 1.325915 
-139718.602270 -139718.602270 1.307990 
-132786.035301 -132786.035301 1.362829 
-141338.500282 -141338.500282 1.346458 
-140203.980243 -140203.980243 1.403957 
-140055.158727 -140055.158727 1.314269 
-132863.271345 -132863.271345 1.357103 
-130263.697233 -130263.697233 1.348935 
-131148.725393 -131148.725393 1.395171 
-136329.298614 -136329.298614 1.400491 
-130290.557775 -130290.557775 1.400062 
-135194.548551 -135194.548551 1.373516 
-142631.837792 -142631.837792 1.315555 
-131777.660977 -131777.660977 1.388235 
-137259.277724 -137259.277724 1.336468 
-142690.411374 -142690.411374 1.300142 
-139565.040424 -139565.040424 1.351781 
-132831.417988 -132831.417988 1.401983 
-133603.308760 -133603.308760 1.348050 
-134465.602816 -134465.602816 1.350854 
-129505.510082 -129505.510082 1.370695 
-136979.645086 -136979.645086 1.387592 
-137190.769014 -137190.769014 1.387353 
